# === ORIGINAL (unlabeled) ===
700605000000000030509300024002000000401907052000501000004050000310492000007003000
000004073000690500007200400075320090006580000020079006080060020000000030060000008
000600800570008100000029050080005000000000000002000000200030079050270600003806510
052080100000500400040000000600014000000200000028070000080002000000058607031600520
040080700000063800021000040030100000000070000010940000006700409002000100007020600
740200089012090400800300607000000060104000003060000070091403000306700000000009000
100060000600203000009150000006047953034000160050000007500020000071000039000000000
308007450009054000000300000405008000700560300060002000900000200600000780020800000
120003040365000210074000000800000000003068000010054030031070000640502000500400006
900400700007200060000000008423000000000000413600000000000000031860000090010940602
100460509002030004005002000003100400060000700719000003054000000290650340000000000
000090007002418300004023085040950002000000901170200400300080000005040000000000000
000090045000000080058230700069080020200000000043000000536079000080000300070040090
004000000000000056000273001000407000000810040000026100000005030035700284860000005
000080061000916250040050308002000000084203000000000000901830020020005000005400003
000010400009000100000000050050009070004250300700634090000000010500900706040701200
001002900000000000000700060508090007009103500030020600090076052002000000000005780
060004008000900050007000040000053096400200570009000304000709060000000000004526830
008200006600090300900480150040005200002910040091340000000100060000050080000000000
000008600060005090000000473000009046000580000009006108640090730000000000170040000
401080007007050000600007102050200000200049000090700006560008000108490005000000000
060240007402300008030006000073020000000534000080007000000000000840000602205009300
000000000000000830856000001280000005000001703703000680005032090190706000000500160
000600000010090070000010000021000530090170082005000006002080060070900000080360127
070804090008000005500030200000490050036500047000000600807002000600000000042000000

# === MEDIUM ===
000000600520040100070062003092000000000000001437029000803094002000000068000030000
010370000084901030000000000640000900002100000000000205026509100500000042701000000
500000000060800100720040085000120300400008001070003050600005700000000000890070060
900020100070000043100000070000000510000000208060045090030008400000000021000094000
740965008020000650000800000000670090950008700000000084080530020030000040001004000
000050008709000000046003000004020000900600800600004010000100000502000300100090670
000020000009700006000000700050470002010050087040600005090000600200300804700000300
103000000080070531000500002070090010001000006000405000020087000306000007000100200
000075003000100002002000040020930600406000080080000000009060500100700000007090001
001000409380000000000010020054000700900030000700005001007080000000590003060000280

# === HARD ===
809600000004000061010400700403080000080506002001020070000000030150000900000807005
000002003004800050002010000000060000000940760507003000000270004001000006000085072
003080070940600000050000031009304000000020000600705300805000000000900000010063000
809000030007509000420000500040010000705000306006870400000700054000020700000004123
006724010000300000300600000042000005000000200600000030080005420500400003200130060
000029708008050903203000000000008002140600800700000090000185049000940000020000000
500200001000530000000071304000090000009008210680007903720300000000060000301005000
057100600800000007000050004000800360000200000020007000040602500300000100070408000
680004000007900000503000608000080003800640107000007020001036000750002086000000000
040003010000000205800042000006050000070300100901070000000000034030608000025000090

# === VERY HARD ===
007000008400062001091040000009000402800200000000016000010000706000090053000350800
070090200000006004000002010021079000450080006000000100017900850004050000000000069
709000200062009005000000000900800620805400001000000003020017300000030000500060090
074300005300000020900000001000740080000800000000500700180059000059004000700003600
000000700060034001080006005090000000000700503005200009810000000040080060009403800
602010050070000260005000701903020807000000009780309000000062000000035020200180000
000010200950200040032076500400005000000000009500000600003007000704000080000028400
021040000700510000004708000003000017070000090060120000046079031000301000000860009
010070080800100900030080025009004500640000000002700000400005030000030846090000000
032700060800001050090000000000500074000080600000019002087090000600020040050000096
